2582
3955
8111
7829
7424
3552
1588
1740
8838
2979
8392
6341
8139
2695
2052
6722
8046
8146
8771
539
8353
9059
5631
8638
2863
9676
915
5616
8314
1177
4027
4211
9812
5756
4178
2596
1459
7949
296
8761
849
5945
7112
2035
9682
7074
5747
6527
1666
6894
9113
8307
8178
2726
888
762
5789
4989
4059
8456
7059
653
2030
6890
8077
4592
7413
4015
4970
3028
5862
7243
6544
189
9830
3374
8776
8111
3779
7539
4339
9808
5931
5533
2306
8980
6932
7994
125
5231
9206
4010
9612
9437
9926
7361
7657
4807
4352
3579
4024
7966
974
6635
4924
7340
172
9309
7690
5450
2892
2588
6551
2588
8478
8989
1965
502
5579
7011
4099
4519
6400
5784
5995
2551
1734
5736
5509
8322
665
72
5772
1960
8888
4482
6568
3352
1708
8431
2237
1263
3557
6765
8042
4362
3240
9816
8150
7299
9910
7003
139
6186
9742
9470
3989
1173
7338
4282
2401
6804
9868
2918
2335
4266
9017
7935
3564
3500
1854
833
5982
9008
4135
7628
4710
2069
6270
7624
9794
4066
9777
8729
3546
8833
8819
8018
2035
8877
4291
8734
330
3572
8665
8141
1202
2197
2902
8206
109
8644
463
2755
7650
1381
4158
8156
1539
3373
2306
9085
6278
9033
8725
7157
6913
1106
4118
516
1291
1738
4280
6366
6248
6473
8288
1171
4935
439
3242
7927
8621
8970
2177
6672
6409
9200
5876
3873
3263
3243
3896
125
7052
573
6902
3809
3843
7339
5441
3577
7615
8561
9957
1348
2719
90
2971
3543
349
7824
1680
8404
5104
6153
3864
4904
6466
8393
7174
9585
3666
276
1656
4851
3150
2905
5920
1364
2062
2533
1089
3302
1854
2305
4243
362
2721
395
2830
1854
1215
1103
7285
1082
6643
3922
456
5355
4543
5477
7266
8954
9609
9102
5371
5247
7619
1711
1661
794
7513
9146
8746
156
5013
2319
8736
1569
9545
6225
5224
6871
3986
3657
4580
7860
4396
9369
1087
8567
7169
4091
4114
9532
8874
5017
8679
290
3977
9302
5743
899
3298
7473
4549
1112
1145
6783
5990
5601
5054
7847
720
1757
1815
448
9209
636
4413
1635
493
3312
6486
7026
1956
6992
10
2486
4618
2359
5583
721
3910
3894
9436
1146
7354
706
4105
2778
7722
9428
5430
2114
54
3589
6739
5345
8898
5349
5894
4411
4041
2138
392
8087
8205
8361
6443
441
2742
861
5923
3652
1686
5546
7567
9776
1333
6613
932
5012
4016
4199
3331
608
2039
9220
9849
1145
2591
9073
5142
7601
7454
8480
7961
8194
987
3153
4707
4656
4503
1230
32
747
5953
9952
3163
2602
172
2031
6350
5127
7147
2670
1891
2710
502
6203
577
9021
8831
2568
904
7156
8579
4708
5799
2957
4531
9768
9824
9127
8136
6188
9016
9682
7389
3248
9761
5692
3834
5480
4219
7198
190
3198
5053
6872
6587
4685
199
4508
6109
5911
6341
4684
1286
3939
6538
2380
7110
2923
9234
4490
7284
3008
9493
1329
5871
8337
7848
7339
4415
5488
249
3511
2216
3706
9239
2558
209
7365
2136
522
4016
6156
6532
8685
7832
6820
6936
4026
731
8351
328
3074
3791
9191
7464
4285
855
9956
2714
8445
2241
7530
4043
4425
2922
3187
5005
6127
8821
6233
3396
2186
3109
4595
4500
2249
2589
8221
9546
1895
8572
499
2862
7274
1247
417
8930
192
4566
8048
7387
2964
637
2871
1991
2271
7383
3921
3931
5755
3669
8313
674
2406
1762
1724
9255
5156
185
4302
3506
9151
9890
2981
4685
7495
6307
6955
5308
5710
8297
4542
81
7819
5761
3919
581
5648
5837
2278
2769
7781
1047
2007
9798
7849
247
8221
9667
4508
4215
49
4978
2732
4593
2082
1248
4409
1899
7153
6157
5855
2754
7327
5021
504
6190
6056
6262
5500
6622
7732
3959
5830
315
96
5409
8785
2263
5907
4907
6470
854
4814
5255
2483
7500
2625
5367
4516
2475
5118
9011
8258
5546
4735
5296
1522
9831
8236
7058
7296
222
6335
3110
707
4493
5130
9991
836
7427
6295
5525
8531
4971
5142
1409
7885
7360
1184
7941
3038
7993
2417
362
2040
6702
2422
7667
3122
4114
7118
5251
2979
710
6414
8905
86
9730
4139
7282
9956
6142
5624
6978
932
4727
3324
6101
8149
4458
5713
5481
9718
6026
5160
642
848
7170
4453
5423
292
3982
1943
3593
328
1579
2300
4948
2084
8144
3030
4875
3352
4308
6225
5864
2941
8234
1775
7752
6329
5459
1566
8170
5858
7918
8494
2952
168
2741
9375
5838
3575
3769
3060
6315
3802
5949
7978
4910
1152
2599
6911
3096
4626
208
2207
4279
4279
6505
6883
6568
4312
4420
6138
8451
3830
2046
6497
6887
8658
4366
7904
8808
5940
4642
1537
3514
6236
1700
6212
4017
9526
6398
773
9864
3132
3307
1955
592
8926
8297
5661
4273
6985
1620
5272
5856
2403
3900
478
3685
7128
2266
9193
3113
2542
9788
4311
5445
6913
6680
4890
9053
4114
1073
1719
5273
17
4408
3811
7093
478
1305
2598
8786
9167
9464
6583
3847
3480
7334
2779
1660
8580
2487
1384
3018
5005
1715
7095
3579
1163
1440
9466
664
5429
3502
5922
7430
2176
1167
3771
7167
7100
9435
9028
7836
5099
5541
9570
1418
8658
4397
3345
6916
4854
7747
4529
550
3801
6660
5223
9877
3994
5219
2949
9369
5317
8632
8005
8539
6377
7785
7980
8257
2938
379
9122
7738
8208
4207
6367
1839
6343
5639
7075
3262
4188
2779
9291
7867
3361
2837
384
9604
7685
7340
9969
3643
5844
5240
8200
2653
4249
425
5996
1249
8546
5376
4371
9648
1815
1712
5349
7850
1825
8148
122
383
1068
9979
8887
9152
4836
551
4726
5515
1840
1787
284
1285
1339
317
2576
4794
4774
1600
8191
7189
4033
3401
7000
9812
1625
5429
6998
8265
5594
9728
2637
8814
6600
4248
7515
1560
6797
2012
5323
7986
4116
3410
2490
638
9988
1496
7184
5732
1196
2551
6289
7831
1798
3152
6748
7328
8509
3745
1164
4814
3160
9896
5581
9879
2780
9669
7038
8846
1377
7276
1000
7845
4069
5548
1055
6063
5479
7622
5534
2661
5342
7135
5716
2923
4610
1304
6877
4949
4930
3126
1866
9193
457
7919
7357
7820
7749
6968
282
9999
4251
8762
3297
9062
3911
7153
8585
1410
3998
4116
2605
4203
8723
3643
2697
5934
2208
1812
7552
4920
8037
3121
7157
3137
5311
3672
6881
9541
4918
7234
45
4036
1568
8107
5448
9102
5532
9872
5800
3297
1181
7905
9502
58
6979
2256
4792
7908
1647
9543
902
5499
2988
3807
6686
8463
9215
2699
7531
8782
3496
9668
7932
3681
4490
9688
6132
3416
6094
2388
2278
9961
1156
4618
8859
8226
9768
6528
608
2276
8851
4132
9145
9818
849
9715
1275
5443
9545
9478
6054
2237
2665
7440
1862
3071
10000
2148
6233
2126
2454
804
9631
2372
8332
8811
801
5572
7147
4451
4598
8143
877
6709
3597
9511
652
8712
3362
5782
9933
9023
2834
4995
3205
4690
2971
8713
7224
4508
2045
888
4337
131
8089
9580
6871
2611
8081
6250
6902
7878
9786
6318
9799
7632
1858
5731
1067
8817
4638
2761
9959
1064
3467
2378
2672
5991
8940
3689
8875
6489
4418
5290
7613
8867
1071
8335
1075
8117
4316
8027
6447
6903
3566
6438
8900
8358
1988
9213
8966
6726
1961
1052
527
2092
8562
1582
7478
4418
708
482
95
1781
4997
2200
6897
332
6655
9484
4499
768
4107
7856
7600
8850
4689
3171
9482
5928
118
5722
7665
1952
2608
485
9318
515
6929
9261
4180
9822
3557
894
5743
4757
1967
8147
1844
1525
844
7733
4511
6232
8492
3533
535
3404
7954
3188
8984
7605
6666
1734
2547
9848
281
1691
4443
8314
7447
8959
8847
8978
9372
8376
678
4205
3392
8365
2759
9351
2587
6327
642
919
9363
5514
1371
8146
472
9979
1884
1405
3205
4032
7411
7560
941
1407
6511
1871
4772
4182
7237
5561
2976
3842
122
3008
7649
1253
5405
5953
3991
6495
7872
3884
8888
9756
189
7569
8060
7722
5374
137
3447
2326
7797
801
8345
8638
7920
6341
7905
2709
5863
8661
5391
1199
4767
4
4532
7352
1710
9112
2045
7346
5877
7137
4997
597
5480
3191
9894
3459
1012
211
1990
5704
8108
4107
6219
2610
384
8430
8459
4318
3867
5523
6498
3152
460
9128
3868
650
2838
5450
4156
627
9959
1236
3317
5151
5716
4816
2638
1265
7789
3462
6715
8655
2332
1466
499
1716
9881
2646
7925
6880
9603
808
1650
7267
639
2765
8288
9096
4770
8888
4987
4748
1146
4838
1632
7687
7006
2430
6529
305
9181
811
9314
608
5367
4229
7417
147
3896
6368
256
9416
2093
3608
7060
4847
7846
9329
8559
6729
2628
3788
466
9309
4887
1386
8659
5075
2498
4145
3789
7093
8529
8435
4846
5502
5642
2837
4135
4727
6734
1213
2401
2849
5740
3333
2665
4603
3051
1736
135
2574
2782
5461
8935
9749
7686
7795
3832
7863
4194
9299
2912
8184
6482
3017
1963
217
9751
4076
1771
4667
7701
7887
8575
1723
7723
3088
3805
2020
1420
6524
1139
3710
3467
4113
5407
6373
2871
4132
6448
6209
1147
8786
4844
296
7337
5634
8011
5635
3570
5409
3486
1961
1585
2772
980
1080
3924
2094
8658
9709
8897
2398
1108
2638
2765
1748
1842
2106
2337
1391
7545
6831
8825
9333
6886
1598
8756
7688
1928
2194
8485
7982
5052
6691
2488
3578
7509
2574
8400
1951
2106
8015
4072
4810
9238
3391
4015
3002
6598
2970
7859
7658
3933
2629
1671
1638
9034
6923
5590
3999
4063
5481
2221
4898
1559
379
2871
6485
1277
7166
8301
1449
8979
3652
2555
4618
7883
3106
3528
999
1221
2944
9971
8008
4890
8108
4430
482
6550
5971
5345
4743
5961
5477
4259
813
1180
5132
5913
1330
8866
6557
9951
4043
8224
3715
8430
8708
590
7868
7930
1427
9172
2977
3756
4409
960
2647
2475
1285
5294
8166
3512
8541
2892
8456
1409
3748
4193
9981
4308
8620
7442
7623
9825
2076
658
2973
5602
6784
6219
8503
3030
2792
9763
8990
2385
2756
1879
7885
3485
1173
844
1136
4761
5106
6837
7318
1528
2543
4916
4020
887
7081
4020
372
2290
7082
6764
2803
258
6009
2869
3504
7577
8727
5141
2001
8046
4614
2936
927
8951
9902
5764
7247
6171
883
9321
7853
8825
9007
8794
2050
9389
746
6347
9953
324
1047
1854
6839
394
8977
8062
1257
4945
237
8021
2060
3572
47
8171
4408
7999
8633
4579
538
3622
5179
935
9683
2267
6650
5083
6009
2009
6869
8278
8733
1113
9538
7864
9120
1424
1591
2541
8234
1191
5040
5454
401
7746
7210
886
7391
3644
8398
1537
4046
1675
2376
6533
3193
5936
9463
1522
2945
2565
9919
2112
3491
3096
1919
7150
5385
165
6077
4064
4088
6301
5004
5636
9617
6985
7397
1547
4366
2317
5539
313
9882
8717
7984
696
6784
6347
3405
6307
6413
47
3459
4647
1298
6829
8345
7020
9360
4098
3352
9191
4709
8687
8099
2845
7121
2336
6279
8398
5638
8685
171
582
6982
4558
4115
6124
5070
5789
2352
6638
8862
7491
4803
8323
8222
4838
8905
9754
4094
4239
4964
7518
7040
6041
1951
3510
6757
5585
1904
9115
2568
4249
3580
490
6384
186
5441
108
1762
2824
8899
8014
2909
3618
6260
9609
8110
7476
9240
4749
3105
9977
4163
7837
6290
4296
2483
1811
4620
2222
6934
3081
5731
6149
6909
792
267
5479
2409
6708
3345
1120
2802
8124
86
4399
8798
7942
5346
6086
2247
7491
3290
1020
7961
458
4432
4673
3199
2565
9580
1970
2844
566
5495
7149
1359
3971
5848
3068
3019
9367
2760
7905
6061
8302
845
2973
2662
6290
4864
3168
3542
7678
4005
1091
6473
7678
4650
9772
7446
5377
8597
5915
940
7784
894
2960
4219
8087
7517
3798
7651
5804
2522
8919
8727
9630
6812
5745
1063
7416
7304
577
1103
9912
8323
959
184
2732
4555
3056
1224
3703
2743
5559
4219
8963
8707
7144
476
4560
6142
303
7063
1676
9434
4447
8612
7106
3748
4874
7784
182
9404
8448
4098
1364
153
381
4941
5180
8695
2632
3050
4271
6018
9102
469
3039
5326
4127
9008
1698
8987
1063
7612
6107
8917
7841
474
7042
6183
6939
6458
8521
8110
1722
3744
1913
3867
4154
7863
8437
2088
5983
5039
698
8216
4269
6212
9879
4774
307
9434
1271
1113
2323
1678
6713
4428
5242
1160
561
72
835
3169
1832
1872
2287
7974
6859
5814
3154
5699
3122
8402
6731
9741
1662
4973
4486
2414
2062
254
9077
1149
8120
7300
9769
7343
6939
1570
3522
4114
6032
9971
8211
8937
1948
8145
8110
9411
9043
3980
7549
2520
42
9506
3011
7956
5370
7033
5721
2361
8119
9488
884
2332
1604
9825
6341
4548
7073
7227
567
9003
3253
2221
4878
7401
7914
6937
7184
2323
4769
4301
6082
6606
3020
9349
8960
1803
307
824
1390
3445
9828
3408
8955
4467
4941
7640
6968
6393
8037
6892
8218
4751
9793
2120
4456
1576
2863
1291
7935
1894
2823
6187
5959
4535
6436
8400
9461
3322
1864
9639
1723
7268
4069
7781
5753
2842
6627
1389
6053
3938
3669
7624
6959
5921
7608
1733
1230
5245
9540
5973
4369
2353
8266
5322
7516
2571
2978
5048
3057
1119
5268
5164
7605
6723
6814
4626
4890
596
109
7946
3158
236
7783
9174
1561
6521
7909
4226
6529
3623
4123
2247
2861
1639
4342
4884
1558
8914
9954
5654
3044
5567
3387
6213
2379
8759
6366
6275
5464
8371
5796
7036
8225
4649
2159
581
2201
3974
4590
4183
2355
7319
1405
6157
3087
187
4835
2725
1973
3818
5855
1511
2133
3780
1102
4829
5545
490
4356
7187
7199
1958
2712
8287
9975
8428
5776
4150
4385
6553
2352
9019
1320
630
7397
1759
8620
4770
137
5264
2607
8880
7304
8474
3256
1262
4782
1960
5890
7946
3353
5205
566
4823
8164
8246
1159
9154
9832
7224
6278
6519
2287
6580
6147
6223
3963
446
4624
4765
5483
4370
4636
2849
8935
7898
4762
9573
6220
6535
5038
6919
9971
2996
4071
2032
292
6572
7454
2579
9648
8875
914
8580
3893
5288
2818
6294
8960
4404
50
6914
9432
6917
4894
9989
5107
5549
6418
114
6738
2841
7728
8489
286
1442
7504
4679
3729
7413
4247
758
9717
4141
6183
3556
2064
5234
6297
9206
6165
48
1552
9053
4594
8269
3000
5029
7362
6356
6760
7025
8776
2392
1462
6917
9046
6400
5112
6455
6971
3180
1211
2811
5358
8658
1173
2740
6741
1864
7977
8543
6845
9674
5375
5159
1033
1957
1377
906
8377
6904
5608
3265
6460
9507
8930
4568
9777
5313
4433
687
9017
5861
7740
4821
5064
8686
9936
6982
7950
392
5002
6965
4464
7079
6257
9611
1203
2739
707
7805
6487
1445
4779
7243
6646
7806
1262
3005
1971
8852
3203
9168
1052
2904
7768
9130
7174
1390
278
2030
8122
1523
6038
3047
1595
6015
7076
6632
5237
2754
264
8143
9127
225
5438
1422
8539
1462
7453
643
4375
6542
6497
2343
7529
7417
9076
1671
5512
4283
8229
2704
5560
9589
7144
977
6024
375
7689
59
5915
227
6997
3214
7695
1321
1981
8761
8165
7969
1808
3070
6222
8261
9354
491
6001
8213
3387
3448
2565
6593
2877
6335
2352
8458
7160
6191
9580
2335
3328
5421
9732
9618
3583
2473
1730
4501
2695
8932
1664
4900
2942
5919
750
8185
9959
5146
4687
8826
865
8969
4417
8692
8029
9182
7096
885
2015
1381
425
5560
4975
710
3172
5240
322
5589
2881
5878
6074
5175
8669
8390
8263
8749
8261
8880
395
2492
6312
6092
7158
8732
9775
879
5651
3941
9843
7342
4370
2245
5754
5627
3349
914
767
9034
4194
4964
90
6985
5801
6047
8012
8321
149
8152
8297
4375
688
4587
1892
7281
9762
8600
9172
1178
7536
2604
7424
6048
477
5510
2221
3984
1509
1970
9393
4485
8958
9276
6955
435
2663
1221
2325
6836
4632
7069
104
2587
6647
3398
4905
2011
3483
9921
707
2764
1525
2758
6906
3166
6632
2473
49
1184
1487
5113
7579
5867
5854
3049
9189
1904
7396
2613
4703
943
8573
2376
570
3215
5356
7146
9773
4437
2793
2643
268
9987
3218
7906
6816
6712
4428
4177
2698
1871
1193
2588
5699
9907
8247
8124
7813
1035
9127
1106
8747
4423
2358
1457
9286
2071
7452
3098
1421
4974
5901
5219
9062
352
4572
5883
1709
8862
1679
4027
7411
54
6460
9424
7031
9307
123
5764
7737
7807
4027
2981
2591
4322
3732
2722
2487
8592
1603
5116
6466
920
6733
4894
7137
196
4929
3521
2935
1088
2179
3216
3543
8265
3924
7542
9642
9684
5840
5021
3978
898
3953
3093
3760
853
1614
9294
24
4131
3544
7231
537
6240
4700
7241
2576
7856
1820
1074
7154
4100
9934
2166
2256
8085
1572
8283
3873
1745
4591
1626
8471
1569
4254
7994
6908
5948
7607
2901
8566
9208
9597
1726
549
2869
4959
4488
990
2253
8264
2488
8976
4788
6708
7642
43
8315
8893
9794
2346
2111
4324
3787
7541
2947
715
1895
9652
4922
6479
8747
7519
8443
7937
9981
7189
8636
6623
9843
3932
9465
5462
9664
2225
9841
1139
8979
7351
6728
1357
3190
6943
5745
9294
1462
2719
5354
2722
5578
1969
818
3135
4651
6554
1963
2943
1089
6428
1005
9279
366
3105
6721
1799
3706
9739
7323
7403
4545
3520
1758
8333
2194
2769
263
5660
6232
8671
6095
8466
6501
1667
9644
7560
7851
9368
2435
6244
750
3410
8306
746
8552
1896
8805
7108
9459
5588
7984
2101
284
5989
5987
9781
8555
9190
2773
4524
1959
4345
7507
8698
3332
7446
8132
2031
7959
8808
4765
958
6358
605
4572
5763
8131
6773
5356
5843
4374
9295
1497
1055
4970
9594
3903
1688
6615
6407
